30	3	1679	1.4
30	5	3988	1.6
308	4	1551	3.1
485	4	3679	2.4
597	4	3120	9.8
706	2	2130	5.1
806	1	1967	0.2
1086	6	1241	7.5
1125	2	1910	1.4
1125	6	4030	1.5
1445	1	2045	3.7
1519	6	1380	6.4
1529	5	2846	9.9
1560	2	3087	9.3
1737	6	802	5.3
1759	1	778	5.7
2275	6	2273	5.2
2703	1	1420	7.7
2795	5	402	1.1
2822	6	2519	8.1
395	5	2547	0.3
485	3	3396	2.4
485	6	1612	6.8
682	5	2980	9.1
744	5	1805	0.3
927	2	865	2.1
1113	3	1391	5.6
1511	6	1951	7.9
1515	3	1687	3
1519	3	955	0.6
1528	5	1890	3.8
1560	7	788	0.8
1589	3	3444	7.3
1601	4	299	6.4
1744	7	255	6.3
1767	4	2724	0.9
1802	5	1349	1.9
1843	2	3125	9.6
1930	1	3952	3.5
2033	3	1128	7.8
2706	2	378	2.9
2706	3	3696	7.5
2706	5	2125	2.2
2822	4	2195	5.8
2832	6	793	9.4
39	2	3866	1.6
275	6	2862	6.5
317	7	594	0.2
682	3	2829	0.2
1223	4	1920	7.8
1632	3	3890	0.7
1810	2	3215	0.9
1950	3	588	2.7
1991	2	685	5.2
2165	6	2020	0.2
2172	1	2115	3.5
2172	3	3575	2.4
2172	6	2918	7.4
2232	7	461	0.1
2466	6	1783	2.9
2586	1	2069	1.4
2586	3	2791	7.5
2605	6	3907	0.1
39	5	2495	9.8
275	1	2524	10
405	1	953	9.3
597	3	911	8.8
1370	7	2360	1.1
1382	1	2848	8.3
1445	5	185	6.8
1604	3	3996	0.3
1604	4	2377	3.2
1608	6	2322	8.9
1737	4	446	5
1737	7	2803	4.8
1759	6	1017	1.2
1759	7	3278	0.3
1767	3	2985	1.6
1843	3	857	10
1930	5	3950	0.4
1950	1	3199	9.5
1991	6	1555	6.6
2033	1	2977	4.8
2122	4	3469	2.7
2232	5	13	9
2425	3	1644	9.4
2425	7	775	9
2453	5	434	1.7
2539	4	1739	2.9
2683	2	2431	9.7
2703	3	1719	2.7
2760	5	2583	8.4
39	3	1717	7.3
72	7	3540	5.7
259	6	6	9
308	1	174	7
395	1	377	4.7
405	2	2288	1.1
564	2	2662	7.3
597	6	2794	4.9
744	4	3171	4.2
806	7	3975	7
1086	7	4031	3.1
1223	3	2846	6.1
1478	4	584	9.4
1759	5	1735	0.3
1767	5	4020	5.3
1771	3	2379	7.2
1790	6	1528	9.4
1894	2	3738	3.3
2033	6	2409	8.2
2425	5	3241	7.8
2539	1	1874	0.1
2539	5	124	0
2683	5	3157	8.4
2706	7	989	6.3
2767	4	2498	6.8
2850	5	2734	5.2
72	3	2289	8.6
259	7	180	4.7
317	2	1502	4.3
485	2	1025	7.5
485	5	1951	9.8
682	1	3844	9.2
736	4	3671	8.3
743	5	377	6.6
744	1	397	9.2
1113	2	1468	8.9
1125	4	960	7.7
1153	4	1173	3.3
1478	2	1035	8.8
1519	1	953	8.9
1589	4	1644	3.4
1744	2	3101	8.5
1930	4	662	7.4
1991	4	1346	4.1
2181	5	1073	8.1
2339	5	2737	9
2795	6	919	7.7
2873	3	954	7.8
2877	1	2790	7.5
2877	4	2968	6.8
2877	7	683	9.7
30	1	2608	6.1
275	7	307	3.4
564	4	2362	6.8
736	5	2526	0.6
759	1	3469	3.3
806	6	2653	5.7
837	4	3489	3.1
841	4	2305	4.5
957	3	3749	9.2
1153	6	1402	1.7
1382	4	3823	0.1
1519	2	583	6.8
1560	6	2030	4.7
1601	5	1511	6.7
1604	5	4071	5.3
1632	1	3143	1.1
1705	4	3244	2.9
2181	4	2880	2.7
2339	1	1216	8.2
2453	2	3243	5.5
2466	3	394	5.9
2494	3	1525	2.5
2494	4	3366	1.8
2494	5	513	1.9
2767	2	1338	9.5
2832	4	1913	9.9
2873	4	1285	0.9
2877	5	1609	7.3
395	6	2544	5
485	7	149	2.2
564	3	2090	2.9
564	6	3977	1.2
736	2	1273	7.2
743	3	1082	7.2
759	3	1006	3.3
759	5	3533	7.8
1113	7	787	9.3
1478	5	3262	7.6
1705	3	3307	8
1767	1	3280	6.5
1802	2	1461	2.3
1894	7	1669	4.3
1930	2	1102	9.2
1971	3	1424	8.8
1971	7	3658	6.7
1991	1	2051	4.5
1991	5	893	5.5
2122	3	2920	8.1
2165	1	844	0.1
2165	4	1232	1.8
2344	3	3373	7.9
2494	2	1161	9.6
2494	7	2774	2.7
2501	7	1859	8
2586	5	1677	3.5
2683	3	692	1.3
2795	2	3367	2.7
2850	1	4065	0.3
2873	6	3895	5.4
2877	2	2611	6.7
29	1	635	4.1
29	5	1969	4.7
72	1	3129	6.9
485	1	3521	5.5
597	7	874	5
841	5	2629	9.9
1125	1	1484	1.6
1223	5	732	4.9
1337	2	291	5.7
1608	5	3824	5.1
1737	2	3008	4.3
1744	3	2793	9.8
1744	4	982	10
1790	1	1712	2.8
1810	7	874	4.8
1843	4	1583	0.8
2035	2	3237	6.7
2035	3	1937	7.7
2165	7	2972	0.1
2275	1	222	10
2344	7	3077	3.9
2403	6	2287	5.1
2539	2	2809	7.1
2586	7	683	7.7
72	5	3977	9.5
743	1	3685	9.8
744	2	279	0.4
841	1	88	3.3
927	4	3274	8.5
1223	6	1873	4.8
1337	1	2855	8.9
1445	6	199	0.8
1498	3	1831	8.2
1511	5	1424	9.4
1515	6	3144	1.9
1560	4	1647	3.2
1589	7	485	3.6
1608	1	2694	6.8
1771	7	1855	8.9
1950	4	3737	7.8
2035	5	137	0.5
2181	1	636	4.8
2181	2	1662	0.2
2305	4	338	1.5
2466	1	1145	7.1
2466	7	2472	4.6
2605	4	2870	0.9
2635	2	4068	9.9
2703	7	3064	0.2
2767	6	4051	3.4
2795	7	765	7.8
2822	2	1284	7.1
2850	4	1237	7.7
29	4	3200	9.6
72	6	644	6.9
594	1	3586	7.3
594	4	2639	7.6
743	7	3556	2
882	2	3520	3
882	7	2429	2
957	4	224	2.8
1113	5	471	5.5
1370	2	3645	4.7
1370	6	3023	4.6
1498	1	2539	8
1498	2	2358	8.8
1511	3	1367	5.3
1529	7	3634	3.6
1604	6	3133	5.9
1632	2	2579	5.4
1705	5	770	9.5
1744	1	1810	5.4
1810	5	398	4.7
2188	1	2080	9.1
2188	2	1158	6
2188	3	1348	6.7
2232	3	2353	4.4
2232	6	975	7.9
2425	6	2800	2.2
2706	6	173	0
2760	6	2988	0.7
2767	7	1091	2.4
2850	2	403	6.8
2877	6	3566	4.2
72	2	3420	2.7
564	5	1248	3.1
594	7	3096	6.6
882	1	1508	0.7
957	2	3845	6
1337	5	3392	9.6
1382	3	2294	4.9
1528	7	590	3.2
1601	3	2110	5.2
1632	5	3302	8.5
1632	6	3763	9.9
1759	3	3892	8.4
1771	1	1263	3.2
1843	7	1787	9.8
1894	1	956	3.4
1950	6	3737	3
2035	1	1399	6.9
2122	6	3465	4.6
2172	2	1449	5.7
2172	4	2853	7.6
2305	2	1952	1.8
2403	5	1631	6.5
2635	3	3070	0.5
2635	5	1357	1.3
2635	7	1708	7.6
2703	4	362	0.5
2760	1	3476	8.9
2822	3	3106	0.7
2832	7	1254	0.8
30	2	2227	6.6
30	4	1893	6.8
259	1	446	8.3
259	4	1016	8
317	3	750	9.4
841	2	243	0.3
882	4	4021	7
1223	2	3207	0.1
1223	7	509	1.5
1337	4	3204	0.3
1370	5	1016	1.1
1478	1	2767	9.2
1515	4	2313	8.3
1519	4	3687	2.8
1519	7	3392	4.7
1589	2	2126	1.6
1604	1	2593	9.1
1767	2	3806	4.8
1767	7	397	0.9
1790	5	3411	2.7
1971	2	219	1.7
1971	6	3340	5.9
2188	6	4094	0.6
2232	2	2132	7
2403	7	3267	9.5
2501	2	2271	5.4
2501	4	3823	1.5
2586	4	1225	5
2635	6	2061	1.8
2850	3	2419	0.4
259	2	1117	3.4
682	6	2796	7.1
743	2	825	0.8
837	3	3698	5.3
1125	3	780	8.2
1125	5	3491	2
1337	3	942	3
1515	2	395	9
1528	3	425	1.9
1528	6	2683	3
1560	3	3411	7.3
1705	7	1258	2.6
1744	5	22	7.2
1759	2	487	2.5
1810	3	766	6.6
1894	6	1744	8.8
1930	7	3716	0.7
1950	7	3242	7.8
2035	4	3326	0.1
2035	7	1730	1.8
2339	4	3956	1
2403	1	1212	2.1
2466	5	3010	4.7
2605	5	981	10
2635	1	1614	4.8
2832	2	3578	3
2877	3	2952	0.6
308	2	4046	0.8
317	4	3706	1.8
594	5	3971	5.7
706	1	4068	6.8
743	6	4014	0.9
837	6	300	0.5
841	7	1567	1.9
927	1	536	3.5
927	3	641	0.5
957	5	440	4.2
1153	5	2399	4.7
1445	7	2326	4.9
1498	4	1933	4.6
1950	5	2456	6.3
1971	1	668	8.4
1971	5	2422	7
2033	2	3250	1.4
2033	4	3260	8.7
2181	3	378	8.2
2305	1	3076	6.8
2425	1	2080	3.1
2494	1	2815	2
2586	2	2603	3.1
2683	1	1884	5.9
2873	5	2459	1.6
72	4	1286	4.9
395	2	3267	2.8
682	7	3634	3.2
744	3	1355	5.9
957	6	3773	3.5
1086	2	1950	8.1
1337	7	2522	3.2
1370	3	1945	2.2
1382	7	3817	5
1511	2	3762	1.5
1528	1	3600	4.8
1790	7	1545	8.3
1843	1	3230	4.4
1843	6	3252	5.6
2165	2	1277	7.1
2275	2	1808	8.8
2275	3	3628	3.2
2275	4	3967	7.6
2453	6	2483	6.2
2501	1	1468	9
2539	7	607	6
2586	6	401	8.4
2703	2	809	8.7
2706	4	2169	6.7
2767	3	1450	2.6
2832	3	3123	0.7
30	6	681	5.8
39	7	1526	0.7
275	2	3460	0.6
317	5	3078	7.6
597	1	1623	8.6
743	4	1715	5.7
1086	5	3837	3.7
1125	7	1965	1.2
1370	1	3690	3.2
1478	3	1001	3.3
1511	4	690	7.1
1528	4	2245	9.3
1529	1	1776	5.1
1529	6	2038	6.7
1589	5	797	4.6
1632	4	1120	0.4
1705	6	3098	4.6
1759	4	484	4.2
1767	6	3465	4.7
1771	6	3159	0.5
1971	4	1863	5.4
2339	7	4025	6.4
2403	3	1736	5.6
2425	4	1543	6.5
2703	5	1993	6.2
2822	7	2386	8.3
2873	7	3445	2.2
275	5	3624	3
564	7	2151	6.9
682	2	994	3.8
706	4	1385	3.6
706	5	3452	7.2
736	1	1694	2.9
806	3	2575	1.7
806	4	2925	6.3
1445	2	763	8.2
1528	2	3065	8.5
1601	7	997	0.5
1810	4	1339	5.6
2122	5	1918	1.7
2165	3	2945	8.8
2305	3	1834	0.2
2305	6	1145	9.8
2305	7	421	7.2
2344	5	1191	3.6
2466	4	599	6.4
2539	6	647	7.2
2873	1	2935	9.5
29	2	3482	8
308	7	3232	7.4
405	5	3793	4.7
706	6	1342	7.6
806	5	765	7.8
841	6	3324	0.2
1113	6	1036	8.5
1498	6	3111	5.5
1519	5	2620	3.3
1604	7	1462	5
1744	6	1793	6.2
1771	2	2092	7.1
1790	4	2855	9.5
1802	7	301	9.6
1810	1	3868	9
1843	5	3789	6.2
1894	3	2229	4.7
1991	7	1330	7.4
2232	1	3359	2.6
2501	3	685	6.7
2501	6	1750	9.4
2760	4	3022	0.7
2767	5	2219	5.2
2795	3	101	3.5
2795	4	1546	0.4
29	3	463	7.3
259	3	2789	3.6
317	1	1275	5.2
317	6	2160	9.2
594	6	3360	0.3
706	7	213	7.2
736	6	3809	6.4
837	2	2573	6.5
837	7	2341	6.1
1153	2	1926	2.6
1511	7	811	3.9
1515	7	3452	3.3
1802	1	1183	9.3
1802	3	3031	8.3
2344	4	1683	6.5
2453	1	1805	8.6
2494	6	721	3.2
2501	5	707	1.2
2605	3	4072	8.9
2635	4	2213	4.3
29	6	720	7.8
30	7	3022	8.6
39	1	3331	9.2
39	6	1033	3.3
308	3	3770	7.6
395	4	2878	1.6
395	7	1556	8
405	3	3419	6.9
594	3	2291	2.5
744	6	1703	9.9
882	6	2022	3.6
1086	3	1180	1
1153	3	2654	9.9
1370	4	895	2.5
1511	1	2543	2.6
1529	3	4011	6.1
1529	4	345	0.4
1560	1	2948	8.4
1632	7	3897	9.5
1705	1	457	5.7
1737	3	2948	8.2
1771	4	3359	5
1771	5	387	4.4
1802	4	2127	6.3
1810	6	3603	1
1894	4	1567	2.1
1930	3	1845	6.9
2122	1	477	5.2
2172	5	990	1.1
2181	7	469	0.9
2344	2	477	8.3
2344	6	3458	9.1
2403	4	420	1.1
2453	4	3455	8.1
2453	7	3678	9.8
2822	1	2630	1.2
259	5	657	2.8
275	3	2275	1.4
308	5	660	4.7
405	4	3498	6
736	3	111	8
744	7	3409	8.9
1153	1	3741	4.7
1337	6	1121	3.5
1382	5	3475	4.4
1478	6	3072	9.4
1515	5	3432	1.7
1529	2	65	0
1560	5	2865	7.7
1589	6	1361	1.6
1604	2	1237	3.5
1608	2	3937	6.1
1608	4	3112	3.6
1991	3	4079	2
2188	4	411	2.7
2188	7	85	5.1
2344	1	3436	9.2
2425	2	1102	5.5
2683	6	282	5.2
2703	6	216	1.4
2760	3	1348	4.9
2822	5	2012	2.3